#Size(bytes) MeanAllocTime(cycles) MeanFreeTime(cycles) MeanFreeTimeRFlag(cycles)
8 72.094 24.378 24.478
18 114.957 24.346 24.192
28 86.018 24.602 24.698
38 86.908 24.416 24.602
48 98.444 24.06 24.14
58 109.83 24.264 24.236
68 110.19 24.196 23.644
78 119.838 24.3 24.06
88 159.76 26.949 24.286
98 134.816 24.198 24.416
108 150.928 24.508 24.138
118 150.56 24.086 24.674
128 159.178 60.446 50.348
138 172.62 60.592 50.088
148 171.212 60.032 51.208
158 184.156 69.506 52.892
168 184.944 64.372 50.686
178 197.706 66.512 50.308
188 207.09 69.888 55.642
198 207.752 71.012 57.476
208 215.65 72.888 60.094
218 284.855 74.522 58.314
228 229.834 75.08 61.482
238 249.619 78.706 51.3
248 243.656 78.968 50.91
258 255.616 68.892 59.404
268 268.664 68.676 59.394
278 271.482 69.968 62.252
288 283.152 71.824 65.5
298 294.29 73.996 69.36
308 291.08 73.27 69.076
318 307.826 75.674 65.656
328 301.898 74.346 69.27
338 319.844 75.57 66.048
348 324.338 73.894 69.07
358 329.302 81.144 69.534
368 338.558 82.26 65.074
378 423.995 77.686 65.29
388 349.038 77.492 69.246
398 366.232 79.516 71.124
408 395.682 79.594 69.416
418 378.946 81.002 70.03
428 388.902 83.932 69.784
438 391.322 86.132 69.362
448 401.276 81.764 69.818
458 517.373 83.4 70.502
468 415.172 83.332 71.124
478 508.307 88 65.614
488 421.598 81.768 66.85
498 654.177 87.754 69.834
508 455.138 93.276 75.202
518 517.904 93.794 74.874
528 462.678 89.146 70.366
538 466.794 89.026 69.23
548 474.262 90.238 70.066
558 629.46 99.051 72.196
568 511.236 98.24 73.389
578 561.062 96.815 74.32
588 637.795 134.395 71.52
598 520.258 90.654 65.678
608 515.56 90.892 69.246
618 533.276 99.928 66.022
628 616.682 103.638 70.556
638 648.648 96.626 69.354
648 779.114 93.342 66.674
658 558.49 96.764 70.316
668 603.206 99.692 69.826
678 663.1 98.746 66.762
688 682.74 100.024 66.766
698 709.626 97.798 66.546
708 601.164 97.44 69.778
718 608.988 99.594 113.514
728 776.533 100.566 67.28
738 612.406 100.996 69.348
748 704.612 103.972 71.368
758 675.902 106.57 67.186
768 636.032 102.72 69.472
778 674.528 112.53 75.55
788 841.801 113.556 76.94
798 671.202 106.04 70.638
808 670.366 106.496 70.48
818 904.21 109.182 70.766
828 849.016 106.834 71.3
838 843.796 107.874 70.206
848 805.152 113.118 78.401
858 851.757 112 70.872
868 743.32 108.856 70.658
878 728.136 115.562 66.608
888 721.47 114.098 69.714
898 986.732 110.342 72.821
908 943.453 114.512 68.55
918 794.448 113.242 67.746
928 762.404 115.742 67.8
938 774.334 118.526 70.278
948 776.334 118.758 56.772
958 865.506 115.508 60.814
968 896.438 116.658 67.756
978 905.844 158.965 71.052
988 853.55 119.778 67.378
998 840.282 121.264 71.448
1008 834.166 118.532 67.342
1018 913.567 120.35 106.519
1028 1058.55 128.128 71.132
1038 1282.18 122.014 939.962
1048 845.624 120.288 940.402
1058 959.758 161.194 1038.11
1068 935.29 122.112 1036.44
1078 868.222 121.566 1037.41
1088 948.99 124.002 1073.06
1098 903.126 125.742 1052.54
1108 949.936 132.795 1142.56
1118 1169.56 130.616 1131.16
1128 1143.8 128.354 1212.69
1138 1126.5 128.44 1249.68
1148 1168.92 127.766 1067.88
1158 1027.29 127.256 1064
1168 1054.73 129.048 1068.02
1178 948.722 131.29 1071.15
1188 952.44 130.284 1072.45
1198 990.654 130.434 1163.32
1208 1066.67 129.58 1163.59
1218 1072.26 131.584 1166.55
1228 1142.78 134.608 1196.38
1238 1045.24 133.912 1182.84
1248 1103.73 136.37 1188.13
1258 1080.8 136.112 1186.64
1268 1191.99 136.282 1389.45
1278 1138.21 136.786 1207.77
1288 1134.06 138.588 1194.16
1298 1176.08 137.342 1194.56
1308 1047.27 140.27 1203.46
1318 1061.51 141.538 1198.24
1328 1063.77 140.632 1391.73
1338 1144.67 141.48 1337.98
1348 1227.36 142.362 1306.18
1358 1098.32 146.344 1413.64
1368 1085.43 142.11 1371.44
1378 1115.23 144.072 1315.68
1388 1128.3 145.518 1440.66
1398 1104.77 144.474 1416.59
1408 1303.22 149.934 1343.98
1418 1128.99 145.81 1324.69
1428 1190.96 147.698 1328.84
1438 1144.42 145.602 1334.13
1448 1157.33 147.51 1334.7
1458 1171.43 152.452 1332.84
1468 1172.42 151.346 1432.37
1478 1188.76 152.732 1435.35
1488 1198.55 154.746 1428.17
1498 1195.21 153.16 1446.57
1508 1233.79 151.51 1431.26
1518 1208.44 152.216 1442.47
1528 1274.21 155.044 1444.79
1538 1313.72 157.786 1454.58
1548 1247.91 157.636 1453.25
1558 1325.26 155.986 1445.67
1568 1239.14 154.906 1455.22
1578 1269.38 158.552 1463.81
1588 1316.08 156.742 1459.76
1598 1283.41 161.462 1551.22
1608 1355.12 159.672 1556.3
1618 1340.6 162.274 1559.47
1628 1303.63 161.988 1562.67
1638 1348.13 162.156 1553.4
1648 1300.03 162.642 1565.83
1658 1346.21 163.614 1680.51
1668 1366.1 163.834 1570.58
1678 1397.09 165.702 1571.8
1688 1341.28 166.77 1575.52
1698 1388.41 167.768 1578
1708 1475.85 166.98 1661.17
1718 1467.36 167.668 1580.79
1728 1443.25 168.492 1619.17
1738 1473.48 168.57 1681.73
1748 1458.49 170.436 1679.31
1758 1451.58 171.676 1684.59
1768 1938.74 172.038 1674.82
1778 1503.34 170.792 1680.83
1788 1499.94 172.226 1682.75
1798 1497.66 171.468 1696.96
1808 1467.76 173.368 1692.4
1818 1498.57 176.704 1695
1828 1440.21 173.79 1695.77
1838 1450.68 175.292 1699.52
1848 1481.59 174.634 1706.61
1858 1571.05 177.402 1898.1
1868 1729.13 177.186 2169.74
1878 1820.03 189.979 2043.56
1888 1796.08 191.207 2157.09
1898 2173.3 199.543 1987.96
1908 2354.33 179.416 1805.67
1918 1620.78 180.39 1863.59
1928 1503.37 181.284 1943.17
1938 2417.6 179.204 1818.67
1948 1550.81 187.456 1824.4
1958 1593.27 184.008 1996.38
1968 2019.46 189.476 1842.76
1978 1646.4 186.5 1835.23
1988 1642.49 186.558 1962.64
1998 1915.55 197.972 2032.18
2008 1660.81 191.714 1924.02
2018 1670.12 187.602 2202.4
2028 1700.11 186.48 1934.34
2038 1641.03 186.292 1924.47
2048 1604.94 193.866 1940.33
2058 1666.37 190.746 2119.41
2068 1767.97 192.344 1944.28
2078 1629.94 190.754 1947.26
2088 1644.24 258.106 2074.5
2098 1722 193.74 1945.09
2108 1725.51 199.658 2096.84
2118 1711.91 200.47 1952.01
2128 1656.44 194.638 1960.5
2138 1731.95 249.091 2153.19
2148 1714.42 195.874 2069.01
2158 1705.98 200.252 2381.59
2168 1785.23 202.4 2054.82
2178 1742.76 202.214 2053.68
2188 1939.9 205.62 2074.71
2198 1794.94 199.134 2070.22
2208 1843.28 322.265 2255.35
2218 1816.55 203.646 2093.64
2228 1885.15 204.906 2080.74
2238 1949.86 239.609 2282.18
2248 1770.17 204.222 2196.07
2258 1806.13 205.54 2307.21
2268 1915.32 215.63 2170.04
2278 1769.68 214.384 2425.39
2288 1778.99 212.006 2308.38
2298 2078.34 208.592 2196.41
2308 1814.32 209.578 2377.51
2318 1803.93 209.59 2196.92
2328 1807.57 212.874 2194.54
2338 1856.19 249.866 2266.36
2348 1975.51 216.744 2214.47
2358 2057.28 290.406 2359.04
2368 2003.43 215.096 2217.47
2378 1915.72 215.734 2394.58
2388 1851.24 213.54 2214.66
2398 1863.08 218.75 2357.34
2408 2010.02 219.298 2223.88
2418 1919.88 218.378 2315.82
2428 1897.22 302.619 2451.23
2438 1889.64 216.056 2323.17
2448 1925.8 292.216 2536.16
2458 2091.07 222.866 2513.47
2468 1985.26 219.966 2343.23
2478 1992.03 221.482 2511.1
2488 1922.45 220.164 2458.57
2498 1956.87 220.15 2333.28
2508 1946.07 282.81 2349.95
2518 2047.88 271.48 2340.12
2528 2020.44 340.862 2356.78
2538 2171.03 224.568 2546.93
2548 1984.04 221.438 2435.74
2558 1982.96 225.924 2580.64
2568 3969.51 235.144 2446.27
2578 2006.27 227.166 2560.64
2588 2011.65 290.558 2455.75
2598 2307.74 229.182 2720.28
2608 2047.78 229.326 2472.3
2618 2130.68 387.326 2629.1
2628 2129.07 232.626 2499.56
2638 2070.27 235.142 2491.82
2648 2101.49 286.668 2611.4
2658 2293.42 242.436 2488.54
2668 2106.02 284.853 2611.24
2678 3455.55 248.267 2724.23
2688 3259.09 238.56 2727.46
2698 3651.05 246.148 2766.96
2708 2090.72 235.698 2789.64
2718 2276.1 241.998 2812.24
2728 2101.13 236.78 2598.19
2738 2194.61 341.885 2600.5
2748 2480.12 242.752 2680.18
2758 4247.9 428.564 2887.43
2768 2216.59 249.626 2674.61
2778 2167.56 248.732 2633.87
2788 2520.63 250.064 2843.09
2798 2172.48 240.842 2740.21
2808 2356.69 329.812 2741.11
2818 2177.53 246.164 2715.46
2828 2402.85 249.18 2916.23
2838 2382.86 251.252 2722.3
2848 2222.7 246.806 2729.48
2858 2416.38 251.392 2915.42
2868 3425.43 248.702 2737.06
2878 2322.32 255.522 2873.35
2888 2362.76 252.84 2772
2898 2413.99 268.23 2975.91
2908 2418.63 258.726 2744.45
2918 2559 274.025 2811.38
2928 2441.01 290.174 2741.79
2938 2457.09 257.578 2743.26
2948 2306.42 257.048 2737.86
2958 2294.71 253.906 2883.26
2968 2526.96 285.902 2851.82
2978 2333.89 259.472 3106.28
2988 2331.55 281.148 2846.94
2998 2497.48 263.3 2871.16
3008 2811.22 271.91 3044.57
3018 2581 284.04 2880.95
3028 2354.23 347.982 3084.27
3038 2355.26 276.726 2982.97
3048 2513.19 283.19 2878.6
3058 2385 285.768 3100.49
3068 2490.26 287.922 2882.63
3078 2638.71 278.144 2904.33
3088 2456.71 303.026 3197.66
3098 2431.48 297.74 3115.24
3108 2443.78 289.716 3243.25
3118 2810.66 294.18 3012.27
3128 2592.97 294.484 3003.53
3138 2469.14 286.694 3221.45
3148 2512.18 291.716 3144.82
3158 2556.27 298.539 3011.21
3168 2506.25 286.936 3157.99
3178 2495.66 289.584 3237.53
3188 2567.38 291.444 3036.75
3198 2681.88 295.91 3026.35
3208 2538.09 289.696 3017.85
3218 2772.84 306.458 3118.98
3228 2557.12 289.912 3308.08
3238 2541.1 295.4 3290.97
3248 2543.65 294.736 3122.6
3258 2778.99 298.912 3121.95
3268 2657.48 344.704 3128.25
3278 2622.15 297.626 3406.57
3288 2668.3 305.304 3309.86
3298 2782.8 292.612 3134.55
3308 2743.49 312.589 3186.18
3318 2640.87 298.064 3341.09
3328 2681.82 306.112 3219.93
3338 2741.45 300.044 3150.39
3348 2828.43 299.718 3144.96
3358 2886.76 305.662 3239.19
3368 2850.52 303.83 3238.11
3378 2647.61 299.738 3465.86
3388 2680.9 305.014 3438.6
3398 2658.48 305.114 3457.51
3408 2697.41 314.142 3411
3418 2772.75 341.164 3568
3428 2956.68 304.49 3287.59
3438 2918.81 311.516 3274.08
3448 2722.25 307.208 3450.89
3458 2724.87 345.34 3292.89
3468 2710.23 444.328 3518.26
3478 2720.62 331.738 3270.93
3488 3066.05 368.832 3495.02
3498 2765.54 348.128 3363.11
3508 2886.06 335.74 3403.57
3518 2780.18 341.138 3364.08
3528 2894.27 334.168 3581.8
3538 2755.01 362.644 3473.01
3548 2974.53 336.08 3465.32
3558 2752.5 337.46 3383.05
3568 3008.73 342.89 3659.07
3578 2786.86 323.372 3424.47
3588 2980.45 353.647 3626.54
3598 2993.15 333.92 3387.39
3608 2776.25 311.312 3407.69
3618 3009.36 346.684 3632.77
3628 3143.97 350.81 3740.24
3638 3063.43 320.726 3623.88
3648 2833.93 351.508 3497.84
3658 3386.39 385.422 3525.24
3668 3020.78 366.37 3732.48
3678 2857.02 387.038 3530.13
3688 2999.27 379.058 3539.33
3698 2949.75 397.098 3748.47
3708 2872.79 343.964 3636.11
3718 2975.64 362.604 3747.64
3728 3060.81 355.086 3529.08
3738 2913.18 343.908 3639.69
3748 2991.63 344.128 3516.89
3758 3078.49 351.264 3823.92
3768 3194.25 397.518 3861.87
3778 3058.13 379.26 3873.98
3788 3007.49 420.618 3678.12
3798 3164.84 364.556 3769.33
3808 3017.69 359.104 3866.65
3818 2993.76 359.052 3692.28
3828 3181.87 361.75 3688.91
3838 3607.18 396.83 3963.95
3848 2970.8 417.2 3876.25
3858 3213.22 421.114 3705.2
3868 3360.63 400.302 3719.71
3878 3039.03 378.262 3924.83
3888 3725.11 454.888 3777.37
3898 3101.53 385.954 3853.98
3908 3280.16 496.267 3776.98
3918 3082.97 374.352 3968.45
3928 3085.79 367.84 4153.79
3938 3141.87 367.54 3945.33
3948 3108.25 374.746 3971.21
3958 3103.55 378.19 3931.86
3968 3105.62 403.966 3989.89
3978 3208 375.588 3986.21
3988 3133.06 370.834 3963.69
3998 3187.82 436.504 4077.51
4008 3232.46 433.997 3806.82
4018 3303.96 378.908 3814.67
4028 3168.05 450.996 4018.28
4038 3416.49 377.752 3971.28
4048 3346.4 373.072 3913.49
4058 3466.85 377.866 3914.19
4068 4063.69 440.976 3920.99
4078 3340.95 379.8 3953.25
4088 3361.01 427.532 4071.63
4098 3612.6 408.862 3889.39
4108 3493.26 387.154 3872.93
4118 3486.16 451.573 3949.42
4128 3150.19 369.316 4101.34
4138 3209.25 397.058 4114.37
4148 3218.65 373.686 4038.62
4158 3251.97 367.002 4022.72
4168 3147.38 391.262 4073.93
4178 3264.9 367.41 4100.84
4188 3329.08 364.13 4016.85
4198 3317.63 366.686 3907.11
4208 3368.35 374.256 3921.03
4218 3397.67 376.826 4217.9
4228 3377.36 378.214 4159.83
4238 3308.21 366.232 4149.31
4248 3349.56 380.474 4114.31
4258 3375.64 375.8 4056.26
4268 3245.61 375.936 3974.97
4278 3189.19 376.176 3894.47
4288 3332.38 389.732 3913.61
4298 3340.49 372.202 4163.45
4308 3465.63 383.074 4301.85
4318 3196.13 367.496 4164.59
4328 3456.24 373.21 4137.14
4338 3325.68 374.526 4093.1
4348 3170.45 369.926 4099.48
4358 3174.46 368.64 4127.73
4368 3272.65 411.992 4129.26
4378 3186.88 404.212 4123.62
4388 3240.52 368.98 4136.43
4398 3213.72 373.564 4081.96
4408 3152.67 371.774 4036.31
4418 3175.17 369.45 4038.55
4428 3325.82 386.426 3877.44
4438 3149.77 445.057 4076
4448 3158.05 375.224 3970.33
4458 3444.76 383.512 3899.87
4468 3327.1 472.297 4227.04
4478 3209.31 373.4 4134.6
4488 3211.16 373.718 4033.1
4498 3330.63 377.85 3911.33
4508 3345.22 381.528 4123.74
4518 3198.17 366.112 4191.75
4528 4078.75 485.028 4147.5
4538 3157.3 375.148 3836.89
4548 3330.03 407.006 3846.4
4558 3148.78 462.744 4297.95
4568 3232.05 377.352 4067.73
4578 3530.48 464.16 3820.08
4588 3403.51 391.186 3919.13
4598 3184.65 373.392 4072.16
4608 3156.85 371.638 3879.38
4618 3363 371.292 3930.81
4628 3193.07 372.064 4085.79
4638 3280.7 409.138 3904.08
4648 3377.15 422.99 3931.83
4658 3323.23 557.071 4078.76
4668 3247.3 388.714 4182.33
4678 3195.23 386.936 4147.47
4688 3809.64 488.982 3850.45
4698 3387.85 385.008 4010.37
4708 3248.62 474.704 4127.49
4718 4196.98 504.642 3845.19
4728 4018.62 483.208 3838.91
4738 3422.37 445.054 4031.22
4748 3191.43 421.072 4074.52
4758 3190.4 383.572 3979.02
4768 3399.28 388.71 3878.07
4778 3234.34 561.505 4051.78
4788 3213.63 379.61 4006.21
4798 3575.11 404.034 3904.02
4808 3487.45 393.38 4202.95
4818 3213.77 384.156 4130.36
4828 3244.83 378.19 3965.74
4838 3614.33 441.758 3914.14
4848 3204.17 386.722 4131.93
4858 3259.31 383.702 4039.36
4868 3228.31 379.844 3841.46
4878 3445.13 408.464 3887.65
4888 3457.01 392.026 4110.99
4898 3211.79 375.082 4064.25
4908 3288.27 411.196 4180.75
4918 3256.78 376.188 4045.41
4928 3213.81 380.354 4031.86
4938 3241.37 374.886 3888.79
4948 3253.97 379.856 3934.09
4958 3238.03 376.304 3986.24
4968 3193.37 380.314 4014.97
4978 3343.02 375.902 4054.99
4988 3230.96 381.364 4190.11
4998 3300.63 382.834 4146.99
5008 3213.31 376.168 4205.73
5018 3345.83 424.274 4172.29
5028 3294.53 386.87 4150.34
5038 3335.23 381.514 4150.53
5048 3202.1 379.356 4200.19
5058 3192.41 381.404 4018.36
5068 3278.83 423.856 4003.92
5078 3209.97 389.55 4012.76
5088 3204.6 495.198 3857.77
5098 3647.38 482.78 3825.2
5108 3164.24 499.876 3830.09
5118 3218.86 443.805 3807.99
5128 3495.46 399.238 3974.62
5138 3163.43 405.314 4064.46
5148 3273.74 439.253 3862.52
5158 3156.06 521.939 3883.01
5168 3369.47 383.466 4118.61
5178 3155.37 374.746 4192.44
5188 3176.6 392.444 4123.88
5198 3176.09 382.48 4116.59
5208 3186.93 388.248 4154.88
5218 3229.31 373.93 4230.59
5228 3257.02 386.152 4110.86
5238 3199.04 379.822 4141.8
5248 3246.25 379.57 4078.98
5258 3176.7 370.962 3963.65
5268 3181.74 373.138 4156.89
5278 3174.83 369.294 4148.17
5288 3174.99 371.218 4054.52
5298 3180.76 379.05 4082.36
5308 3180.33 371.758 4069.87
5318 3203.87 375.096 4099.86
5328 3497.23 374.476 4320.29
5338 3288.44 483.65 3941.03
5348 3320.24 399.362 4162.07
5358 3278.33 383.562 4199.89
5368 3190.87 382.128 4052.51
5378 3246.58 389.206 4031.43
5388 3280.39 388.584 4216.14
5398 3261.71 377.014 4394.18
5408 3205.16 377.948 4193.9
5418 3261.11 491.496 4187.13
5428 3364.42 381.776 4077.27
5438 3246.32 382.248 4208.42
5448 3264.46 391.374 4218.68
5458 3436.37 385.78 4022.09
5468 3202.29 560.061 4172.54
5478 3720.66 556.184 4081.35
5488 3411.72 391.306 3868.08
5498 3461.82 385.108 3894.86
5508 3210.26 376.836 4067.94
5518 3563.85 417.432 4162.08
5528 3195.44 375.398 4094.32
5538 3204.88 483.91 3788.14
5548 3383.31 383.596 3827.19
5558 3358.97 495.743 4182.14
5568 3194.55 376.644 4211.55
5578 3186.79 384.282 4013.56
5588 3316.56 377.442 3968.83
5598 3442.08 400.208 4140.32
5608 3302.24 387.034 4323.69
5618 3201.6 375.5 3872.09
5628 3399.48 388.286 4131.94
5638 3413.24 383.242 4004.29
5648 3380.21 396.768 4270.45
5658 3481.56 448.894 4075.42
5668 3362.94 394.806 4119.29
5678 4606.4 503.464 4119.19
5688 4335.41 510.858 4118.03
5698 3367.81 391.808 3977.2
5708 3754.67 409.226 3934.43
5718 4169.85 472.404 3926.2
5728 3998.47 463.038 3880.81
5738 3332.01 494.759 4041.82
5748 3251.19 388.804 4146.77
5758 3227.1 383.606 3876.89
5768 3461.02 417.436 3996.4
5778 3285.76 498.199 4051.94
5788 3910.7 464.708 3983.52
5798 3213.69 390.692 3907.1
5808 3453.7 390.768 3880.68
5818 4607.27 685.574 4086.57
5828 3476.61 397.824 3951.08
5838 3426.17 387.55 4270.24
5848 3243.83 402.64 4379.38
5858 3270.67 382.02 4222.16
5868 3524.99 379.046 4221.67
5878 3380.04 376.43 3952.75
5888 3422.93 388.356 4442.49
5898 3306.82 385.94 4323.6
5908 3214.25 383.992 4128.9
5918 3715.31 393.414 4177.19
5928 3219.43 385.898 4182.99
5938 3218.52 408.94 4142.96
5948 3256.5 379.968 4221.03
5958 3207.26 376.24 4183.75
5968 3215.53 372.542 4094.97
5978 3243.12 372.694 4032.15
5988 3274.1 383.5 4186.45
5998 3201.35 375.552 4021.73
6008 3249.59 375.706 4010
6018 3230.82 376.798 4041.35
6028 3270.33 378.104 3916.25
6038 3227.89 379.48 3902.57
6048 3213.95 377.742 4031.93
6058 3260.86 400.332 3833.15
6068 3233.95 372.258 3824.24
6078 3406.5 376.916 4093.88
6088 3691.2 377.208 3956.16
6098 3236.05 398.342 3863.27
6108 3315.42 420.268 4011.2
6118 3430.8 381.812 4180.49
6128 3410.04 378.26 4218.07
6138 3245.69 384.974 3954.65
6148 3236.14 377.518 4004.14
6158 3327.32 372.422 3955.33
6168 3207.26 521.995 4032.08
6178 3239.48 475.36 3936.44
6188 3433.66 432.634 3959.59
6198 3613.39 397.98 4143.29
6208 3261.66 469.687 3973.57
6218 3510.71 380.296 4327.21
6228 3382.84 380.076 4189.64
6238 3316.51 374.686 3932.17
6248 3401.47 381.59 4124.47
6258 3456.89 406.684 4314.15
6268 3426.5 389.298 3918.7
6278 3678.69 496.96 4067.61
6288 3208.57 510.14 4068.48
6298 3215.87 420.882 3919.38
6308 3357.76 505.304 3782.75
6318 3398.78 395.028 3916.8
6328 3216.55 402.162 3977.55
6338 3292.72 394.958 3720.72
6348 3310.81 433.955 4035.41
6358 3253.47 396.712 4012.72
6368 3297.05 394.858 3852.02
6378 3728.79 431.706 4004.86
6388 3463.55 399.06 3848.18
6398 3468.49 398.202 4021.12
6408 3274.43 507.72 4159.47
6418 3270.7 382.684 4120
6428 3208.39 383.082 3951.83
6438 3413.2 422.336 4043.9
6448 3299.54 383.032 4253.21
6458 3593.37 405.242 3944.99
6468 3388.03 390.86 4243.32
6478 3249.03 392.72 4278.39
6488 3336.25 389.24 4178.36
6498 3332.32 405.612 4192.95
6508 3277.32 395.544 3966.12
6518 3302.26 389.762 3951.75
6528 3495.76 399.522 4050.51
6538 3218.16 390.924 4116.49
6548 3236.75 384.25 3927.83
6558 3409.26 382.556 3902.44
6568 3222.39 503.776 4143.23
6578 3238.48 385.078 3983.18
6588 3200.4 387.478 3859.37
6598 3381.67 385.636 4073.48
6608 3296.23 383.454 4080.46
6618 3227.39 379.814 3796.11
6628 3267.93 380.662 3769.71
6638 3345.03 385.5 3918.14
6648 3947.19 395.242 3825.21
6658 3390.54 384.062 3825.05
6668 3414.06 390.28 3798.58
6678 3430.8 380.796 3959.76
6688 3462.72 388.146 3982.32
6698 3238.72 411.348 4073.4
6708 3324.43 452.51 3881.6
6718 3307.32 443.8 3929.28
6728 3314.9 463.739 3932.14
6738 3284.47 468.495 3936.79
6748 3316.75 389.402 3971.56
6758 3316.38 463.931 4031.61
6768 3376.57 413.493 3997.95
6778 3546.2 391.554 3988.85
6788 3474.52 395.72 3982.91
6798 3472.83 387.202 3987.12
6808 3430.69 383.038 3985.57
6818 3341.92 386.046 4083.78
6828 3372.95 375.08 4187.04
6838 3260.13 377.038 4158.71
6848 3295.47 376.988 4175.68
6858 3247.61 383.604 4174.7
6868 4640.81 395.436 4440.63
6878 3241.88 443.412 4316.56
6888 3226.98 386.974 4267.51
6898 3228.58 379.9 4192.07
6908 3321.76 388.57 4093.76
6918 3252.23 384.72 4134.58
6928 3266.53 378.806 4045.19
6938 3255.2 377.72 4160.21
6948 3249.01 375.984 3969.26
6958 3399.86 379.222 4029.71
6968 3258.76 377.648 4043.4
6978 3277.23 386.87 4005.52
6988 3595.89 562.849 3835.27
6998 4190.56 463.804 3842.69
7008 4089.95 468.528 4175.57
7018 3276.83 390.83 4190.32
7028 3228.48 387.476 4053.11
7038 3275.72 388.42 4004.41
7048 3238.5 385.65 4020.62
7058 3237.38 393.604 4103.35
7068 3229.66 387.784 4290.93
7078 3322.88 383.758 4225.81
7088 3288.61 421.84 4124.22
7098 3291.81 391.546 4137.05
7108 3221.46 388.32 4160.16
7118 3228.47 387.91 3935.2
7128 3430.71 397.176 3986.96
7138 3216.88 499.589 4211.11
7148 3650.12 444.998 4152.98
7158 3619.16 481.5 3949.11
7168 3417.39 401.294 3949.15
7178 3402.4 399.844 4262.64
7188 3221.2 396.714 4169.25
7198 3277.82 386.462 4083.04
7208 3355.67 445.452 4185.81
7218 3528.53 398.544 4246.32
7228 3243.22 391.564 4164.89
7238 3263.97 397.02 4052.28
7248 3423.06 392.11 3944.45
7258 3457.84 394.946 4091.97
7268 3387.35 411.298 4145.82
7278 3241.87 394.658 4214.4
7288 3403.87 457.946 4050.28
7298 3467.86 389.484 4010.2
7308 3707.95 454.85 3881.43
7318 3291.93 516.282 4089.02
7328 3227.65 412.852 4156.86
7338 3946.36 484.734 4134.24
7348 3588.45 425.93 4133.64
7358 3364.24 420.09 3886.41
7368 3481.03 393.652 3916.02
7378 3233.37 556.857 4177.29
7388 4804.56 622.364 4071.32
7398 4001.92 567.424 4242.84
7408 3327.32 410.662 4133.59
7418 3484.01 388.216 3965.33
7428 3307.86 610.545 3904.86
7438 3215.87 383.796 4074.4
7448 3250.64 481.11 3974.07
7458 3546.82 397.708 3932.72
7468 3435.19 393.268 3920.45
7478 3589 390.192 4007.26
7488 3547.01 457.53 3982.4
7498 3455.77 401.852 3961.92
7508 3394.96 394.654 4178.21
7518 3415.78 388.34 3960.24
7528 3527.85 461.842 3974.12
7538 3407.63 392.55 4205.2
7548 3428.29 419.888 4152.4
7558 3417.3 390.866 4256.07
7568 3242.46 387.73 3979.73
7578 3247.51 383.146 4167.33
7588 3502.04 436.388 4225.86
7598 3232.41 384.712 4338.37
7608 3220.5 381.618 4059.07
7618 3349.05 380.812 4163.99
7628 3218.97 394.068 3986.78
7638 3273.34 465.594 4058.32
7648 3349.01 389.246 4075.12
7658 3263.3 379.248 4152.15
7668 3429.07 382.024 4219.82
7678 3326.43 396.597 4086.71
7688 3519.25 385.4 4240.6
7698 3290.65 381.786 4152.08
7708 3398.45 385.518 4089.67
7718 3277.03 381.616 3939.15
7728 3456.64 430.009 4079.88
7738 3250.58 387.178 3998.53
7748 3242.97 388.934 4296.86
7758 4360.5 486.086 3958.93
7768 3658.05 453.66 4131.26
7778 3591.06 425.066 4184.49
7788 3345.45 413.894 4112.6
7798 3401.69 386.212 4089.21
7808 3225.67 513.276 3981.44
7818 3471.38 389.51 3952
7828 3273.74 460.925 4344.47
7838 3291.2 388.292 4222.56
7848 3249.09 387.248 3945.25
7858 3445.9 386.578 3929.65
7868 3308.82 447.084 4160.6
7878 3256.71 383.016 4103.22
7888 3319.05 395.946 3962.2
7898 3355.6 381.33 3934.83
7908 3444.86 386.904 3951.05
7918 3261.88 496.62 4275.27
7928 3541.06 530.316 4139.72
7938 3312.29 392.206 3942.72
7948 3403.11 388.742 3951.35
7958 3543.96 394.436 4186.97
7968 3252.63 488.158 4186.07
7978 3332.35 399.458 4065.64
7988 3489.66 390.05 3948.93
7998 3230.55 503.551 4221.87
8008 3225.02 379.816 4178.23
8018 3979.99 460.006 4241.7
8028 3435.07 462.296 4229.8
8038 3468.97 389.668 3963.15
8048 3326.38 396.72 4175.18
8058 3315.38 388.116 4407.88
8068 3241.22 384.278 4165.12
8078 3293.31 418.524 3952.16
8088 3394.23 392.42 3964.68
8098 3460.18 392.024 4163.59
8108 3482.05 400.402 4133.72
8118 3484.49 406.984 4038.24
8128 3428.53 394.077 4175.41
8138 3440.68 477.134 4172.94
8148 3258.89 551 3948.85
8158 4022.84 548.647 4151.08
8168 3405.23 412.326 3940.58
8178 3430.68 382.186 4139.55
8188 3685.36 409.442 4262.89
8198 3370.15 390.536 4275.07
8208 3245.1 386.434 4126.89
8218 3257.91 380.748 4203.09
8228 3257.51 376.12 4147
8238 3284.7 380.626 4108.57
8248 3282.36 377.172 4148.05
8258 3258.28 387.208 4256.93
8268 3246.27 377.582 4113.7
8278 3282.83 376.53 4178.6
8288 3266.18 383.166 4223.51
8298 3269.07 387.012 4100.97
8308 3316.34 441.598 4166.22
8318 3372.96 385.354 4153.94
8328 3263.3 377.512 4156.31
8338 3273.71 377.898 4171.94
8348 3232.76 375.924 4171.77
8358 3442.6 433.514 3983.36
8368 4608.2 498.26 4217.98
8378 3236.51 395.748 4114.82
8388 3242.63 403.802 4144.19
8398 3237.69 392.722 4201.41
8408 3462.87 394.702 4156.48
8418 3553.59 420.908 4309.29
8428 3312.59 559.788 4162.06
8438 3484.62 402.584 3962.12
8448 3429.31 387.2 3971.36
8458 3560.3 385.698 4212.61
8468 3243.64 387.598 4173.87
8478 3269.51 379.196 4152.26
8488 3492.52 386.096 4211.91
8498 3247.76 408.858 4168.42
8508 3483.43 380.898 4217.91
8518 3338.97 379.658 4154.83
8528 3554.88 384.644 4250.72
8538 3244.98 399.15 4036.81
8548 3429.44 444.6 4107.67
8558 3269.6 393.002 4142.52
8568 3464.04 384.776 4017.24
8578 3418.41 385.863 4261.38
8588 3480.09 439.364 3967.17
8598 3416.74 386.358 4115.55
8608 3260.64 388.342 4219.77
8618 3242.11 379.79 3984.12
8628 3440.75 422 4192
8638 3300.93 508.706 4139.4
8648 3226.26 411.922 3967.08
8658 3398.74 389.058 3959.52
8668 3422.5 399.122 4214.84
8678 3315.65 380.818 4454.04
8688 3260.89 383.244 3953.5
8698 3501.63 387.552 3967.89
8708 3231.92 382.722 4149.37
8718 3257.57 431.3 3982.46
8728 3467.26 391.614 3966.85
8738 3329.57 509.952 4186.22
8748 3310.56 458.52 4344.24
8758 3390.43 396.146 3982.43
8768 3416.55 409.144 3998.85
8778 3325.26 563.617 4313.66
8788 3238.55 410.487 4336.8
8798 3275.69 495.606 4216.05
8808 3327.81 382.846 3984.38
8818 4854.61 517.6 4251.07
8828 3228.72 403.766 4365.69
8838 3409.48 414.106 4174.53
8848 3394.08 406.056 4006.86
8858 3458.67 391.728 4108.55
8868 3421.8 399.058 4160.86
8878 3460.19 395.322 4185.13
8888 3401.87 467.13 4003.77
8898 3453.86 395.962 4149.33
8908 3255.53 448.778 4071.87
8918 3229.28 384.496 3982.88
8928 3320 442.925 3978.25
8938 3423.95 384.316 4151.87
8948 3260.91 383.734 4144.63
8958 3320.1 399.974 4131.39
8968 3297.9 529.664 4006.75
8978 3288.3 539.28 3983.42
8988 3452.83 390.714 3966.13
8998 3570.43 395.036 4038.98
9008 3368.82 392.246 4060.32
9018 3534.82 396.722 3958.71
9028 3403.19 443.137 3955.45
9038 3519.49 390.294 4198.74
9048 3447.97 383.28 4173.8
9058 3418.26 383.598 4182.12
9068 3436.66 384.792 4350.37
9078 4110.03 481.696 4002.29
9088 3939.68 493.754 4349.31
9098 3465.62 475.014 4157.29
9108 3321.94 405.494 4170.68
9118 3267.78 398.026 4183.68
9128 3277.21 398.992 4362.81
9138 3279.67 391.614 4181.79
9148 3306.24 417.416 4209.94
9158 3293.15 401.02 4078.77
9168 3317.86 424.494 4031.86
9178 3307.94 565.516 4045.68
9188 3499.18 413.96 3983.16
9198 3440.57 391.336 4371.33
9208 3889.27 497.512 4180.16
9218 3488.18 390.616 4009.51
9228 3258.78 526.197 4167.42
9238 3343.64 397.166 4464.29
9248 3256.87 389.492 4163.6
9258 3429.76 394.214 3994.76
9268 3410.89 395.707 4178.09
9278 3241.89 385.802 4418.1
9288 3550.3 488.824 4190.07
9298 4380.98 477.338 4244.84
9308 3267.18 412.468 3995.58
9318 3443.29 432.642 3974.98
9328 3573.24 406.23 4185.94
9338 3311.55 513.028 4214.5
9348 3419.99 418.294 3960.88
9358 3501.36 400.966 3969.21
9368 3519.49 411.484 4156.93
9378 3249.7 408.67 4123.14
9388 3354.09 395.88 4091.61
9398 3497.8 471.028 3981.22
9408 3232.12 497.755 4204.01
9418 3790.79 444.884 4175.25
9428 3279.34 394.46 4040.78
9438 3539.72 396.68 4048.14
9448 3243.13 469.541 4130.64
9458 3246.15 383.572 4120.2
9468 4589.98 501.096 4203.69
9478 3585.02 433.76 4026.42
9488 3453.82 443.964 4004.39
9498 3652.62 406.089 4006.71
9508 3301.37 402.23 4092.24
9518 3622.84 448.707 4246.65
9528 3281.37 481.53 4179.5
9538 4188.28 476.722 4230.26
9548 3506.59 396.34 3993.01
9558 3440.4 393.51 4174.7
9568 3273.38 388.28 4473.71
9578 3267.35 399.358 4142.74
9588 3413.35 383.264 4163.36
9598 3374.14 400.669 4199.82
9608 3259.92 388.854 4473.65
9618 3343.2 461.124 4065.17
9628 4066.38 495.456 4202.2
9638 3443.88 393.858 4000.49
9648 3486.43 426.146 4322.58
9658 3297.56 391.82 4222.81
9668 3241.21 386.922 4184.86
9678 3305.43 389.674 4419.02
9688 3237.84 543.757 4038.67
9698 3505.53 389.31 3966.41
9708 3444.67 384.598 3989.64
9718 3553.12 386.114 3980.34
9728 3472.81 388.204 4083.29
9738 3424.84 393.086 4128.5
9748 3412.83 390.974 4203.64
9758 3358.62 390.91 4004.25
9768 3354.99 441.702 4188.31
9778 3480.06 409.758 4135.39
9788 3265.49 384.818 4150.31
9798 3258.58 383.556 3992.17
9808 3263.43 384.756 3973.42
9818 3432.54 395.282 4193.24
9828 3395.33 438.334 4175.76
9838 3317.51 419.67 4002.73
9848 3332.72 469.412 4181.4
9858 3336.26 384.972 4160.34
9868 3274.64 390.964 3995.84
9878 3245.33 402.522 4009.19
9888 3375.15 398.621 4337.66
9898 3512.14 387.084 3987.28
9908 3273.16 481.4 4346.75
9918 4496.95 490.376 4141.98
9928 3229 400.56 4058.98
9938 3305.33 390.36 4035.19
9948 3210.48 425.018 3988.74
9958 3441.24 399.528 4111.44
9968 3289.44 395.926 3956.95
9978 3320.05 493.151 3969.82
9988 3412.17 389.208 4260.11
9998 3284.58 384.526 3958.5
